AB:10,11,12,13,14,15,16,21,22,23,34,25,30,31,32,33,34,35,46,37,38,39,41,42,43,44,45,51,52,53,54,55,56
AL:1,2,3,4,5,6,7,8,9,10
B:1,2,3,4,5,6,7,8,9,10,11,12,13,14,15,16,17,18,19,20,21,23,24,25,26,27,28,29,30,31,32,33,34,35,36,37,38,40,42,43,44,45,46,47,48,49,50,60,61,62,63,64,65,66,67,68,69,70,71,72,73,74,75,76,77,78,79,80,90,91,92,93,94,95,96,97,98
BA:1,2,3,4,5,6,7,8,9,10,11,12,13,14,15,16,20,21,22
BB:1,2,3,4,5,6,7,8,9,10,11,12,18
BD:1,2,3,4,5,6,7,8,9,10,11,12,13,14,15,16,17,18,19,20,21,22,23,24
BH:1,2,3,4,5,6,7,8,9,10,11,12,13,14,15,16,17,18,19,20,21,22,23,24,25,31
BL:0,1,2,3,4,5,6,7,8,9
BN:1,2,3,5,5,7,8,9,10,11,12,13,14,15,16,17,18,20,21,22,23,24,25,26,27,41,42,43,44,45
BR:1,2,3,4,5,6,7,8
BS:0,1,2,3,4,5,6,7,8,9,10,11,13,14,15,16,20,21,22,23,24,25,26,27,28,29,30,31,32,34,35,36,37,39,40,41,48,49
BT:1,2,3,4,5,6,7,8,9,10,11,12,13,14,15,15,16,17,18,19,20,21,22,23,24,25,26,27,28,29,30,31,32,33,34,35,36,37,38,3940,41,42,43,44,45,45,46,37,38,49,51,52,53,54,55,56,57,60,61,62,63,64,65,66,67,68,6970,71,74,75,76,77,80,81,82,92,93,94
CA:1,2,3,4,5,6,7,8,9,10,11,12,13,14,15,16,17,18,19,20,21,22,23,24,25,26,27,28
CB:1,2,3,4,5,6,7,8,9,10,11,21,22,23,24,25
CF:3,5,10,11,14,15,23,24,31,32,33,34,35,36,37,38,39,40,41,42,43,44,45,46,47,48,61,62,63,72,81,82,83
CH:1,2,3,4,5,8,41,42,43,44,45,46,47,48,49,60,61,62,63,64,64,65,66
CM:0,1,2,3,4,5,7,8,9,11,12,13,14,15,16,17,18,19,20,22,23,24,77
CO:1,2,3,4,5,6,7,8,9,10,11,12,13,14,15,16
CR:2,3,4,5,6,7,8
CT:1,2,3,4,5,6,7,8,10,11,12,13,14,15,16,17,18,19,20,21
CV:1,2,3,4,5,6,7,9,10,11,12,13,21,22,23,31,32,33,34,35,36,37,47
CW:1,2,3,4,5,6,7,8,9,10,11,12
DA:1,2,3,4,5,6,8,9,10,11,12,13,14,15,16,17
DD:1,2,3,4,5,6,7,8,9,10,11
DE:1,3,4,5,6,7,11,12,13,14,15,21,22,23,24,45,55,5665,72,73,74,75
DG:1,2,3,4,5,6,7,8,9,10,11,12,13,14,16
DH:1,2,3,4,5,6,7,8,9
DL:1,2,3,4,5,6,7,8,9,10,11,12,13,14,15,17
DN:1,2,3,4,5,6,7,8,9,10,11,12,13,14,15,16,17,18,19,20,21,22,31,32,33,34,35,36,37,38,39,40,41
DT:1,2,3,4,5,6,7,8,9,10,11
DY:1,2,3,4,5,6,7,8,9,10,11,12,13,14
E:1,1W,2,3,4,5,6,7,8,9,10,11,12,13,14,15,16,17,18,20
EH:1,2,3,4,5,6,7,8,9,10,11,12,13,14,15,16,17,28,29,30
EN:1,2,3,4,5,6,7,8,9,10,11
EX:1,2,3,4,5,6,7,8,9,10,11,12,13,14,15,16,17,18,19,20,21,22,23,24,31,32,33,34,35,36,37,38,39
FK:1,2,3,4,5,6,7,8,9,10,11,12,13,14,15,16,17,18,19,20,21
FY:1,2,3,4,5,6,7,8
G:1,2,3,4,5,11,12,13,14,15,20,21,22,23,31,32,33,34,40,41,42,43,44,45,45,46,511,512,52,53,60,61,62,63,64,65,66,67,68,69,71,72,73,74,75,76,77,78,81,82,83,84
GL:1,2,3,4,5,6,7,8,9,10,11,12,13,14,15,16,17,18,19,20,50,51,52,53,54,55,56
GU:1,2,3,4,5,6,7,8,9,10,11,12,13,14,15,16,17,18,19,20,21,22,23,24,25,26,27,28,29,30,31,32,33,34,35,47,51,52
GY:1,2,3,4,5,6,7,8,9,10
HA:0,1,2,3,4,5,6,7,8
HD:1,2,3,4,5,6,7,8,9
HG:1,2,3,4,5
HP:1,2,3,4,5,6,7,8,9,10,11,12,13,14,15,16,17,18,19,20,21,22,23,27
HR:1,2,3,4,5,6,7,8,9
HS:1,2,3,4,5,6,7,8,9
HU:1,2,3,4,5,6,7,8,9,10,11,12,13,14,15,16,17,18,19,20
HX:1,2,3,4,5,6,7
IG:1,2,3,4,5,6,7,8,9,10,11
IM:1,2,3,4,5,6,7,8,9
IP:1,2,3,4,5,6,7,8,9,10,11,12,13,14,15,16,17,18,19,20,21,22,23,24,25,26,27,28,29,30,31,32,33
IV:1,2,3,4,5,6,7,8,9,10,11,12,13,14,15,16,17,18,19,20,212,22,23,24,25,26,27,28,30,31,32,36,40,41,42,43,44,45,46,47,48,49,51,52,53,54,55,56,63
JE:1,2,3,4,5
KA:1,2,3,4,5,6,7,8,9,10,11,12,13,14,15,16,17,18,19,20,21,22,23,24,25,26,27,28,29,30
KT:1,2,3,4,5,6,7,8,9,10,11,12,13,14,15,16,16,17,18,19,20,21,22,23,24
KW:1,2,3,4,5,6,7,8,9,10,11,12,13,14,15,16,16,17
KY:1,2,3,4,5,6,7,8,9,10,11,12,13,14,15,16
L:1,2,3,4,5,6,7,8,9,10,11,12,13,14,15,16,17,18,19,20,21,22,23,24,25,26,27,28,29,30,31,32,33,34,35,36,37,38,39,40
LA:1,2,3,4,5,6,7,8,9,10,11,12,13,14,15,16,17,18,20,21,22,23
LD:1,2,3,4,5,6,7,8
LE:1,2,3,4,5,6,7,8,9,10,11,12,13,14,15,16,17,18,19,65,67
LL:11,12,13,14,15,16,17,18,19,20,21,22,23,24,25,26,27,28,29,30,31,32,33,34,35,36,37,38,39,40,41,42,43,44,45,46,47,48,49,51,52,53,54,55,56,57,58,59,61,62,63,64,65,67,68,68,69,70,71,72,73,74,75,76,77,78
LN:1,2,3,4,5,6,7,8,9,10,11,12,13
LS:1,2,3,4,5,6,7,8,9,10,11,12,13,14,15,16,17,18,19,20,21,22,23,24,25,26,27,28,29
LU:1,2,3,4,5,6,7
M:1,2,3,4,5,6,7,8,9,11,12,13,14,15,16,17,19,20,21,22,23,24,25,26,27,28,29,30,31,32,33,34,35,38,40,41,43,44,45,46,50,60,61,90
ME:1,2,3,4,5,6,7,8,9,10,11,12,13,14,15,16,17,18,19,20
MK:1,2,3,4,5,6,7,8,9,10,11,12,13,14,15,16,17,18,19,40,41,42,43,44,45,46
ML:1,2,3,4,5,6,7,8,9,10,11,12
N:1,1C,1P,2,3,4,5,6,7,8,9,10,11,12,13,14,15,16,17,18,19,20,21,22
NE:1,2,3,4,5,6,7,8.9.10,11,12,13,15,16,17,18,19,20,21,22,23,24,25,26,27,28,29,30,31,32,33,34,35,36,37,38,39,40,41,42,43,44,45,46,47,48,49,61,62,63,64,65,66,67,68,69,70,71
NG:1,2,3,4,5,6,7,8,9,10,11,12,13,14,15,16,17,18,19,20,21,22,23,24,25,31,32,33,34
NN:1,2,3,4,5,6,7,8,9,10,11,12,13,14,15,16,17,18,19,29
NP:4,7,8,10,11,12,13,15,16,18,19,20,22,23,24,25,26,44
NW:1,2,3,4,5,6,7,8,9,10,11
OL:1,2,3,4,5,6,7,8,9,10,11,12,13,14,15,16
OX:1,2,3,4,5,7,9,10,11,12,13,14,15,16,17,18,20,25,26,27,28,29,33,39,44,49
PA:1,2,3,4,5,6,7,8,9,10,11,12,13,14,15,16,17,18,19,20,21,22,23,24,25,26,2728,29,30,31,33,34,34,36,37,38,39,40,41,42,43,44,44,45,46,47,48,49,6o,61,62,63,64,65,66,67,68,69,70,71,72,73,74,75,76,777,78,80
PE:1,2,3,4,5,6,7,8,9,10,11,12,13,14,15,16,19,20,21,22,23,24,25,26,27,28,29,30,31,32,33,34,35,36,37,38
PO:1,2,3,4,5,6,7,8,9,10,11,12,13,14,15,16,17,18,19,20,21,22,30,31,32,33,34,35,36,37,38,39,40,41
PR:1,2,3,4,5,6,7,8,9,25,26
RG:1,2,4,5,6,7,8,9,10,11,12,13,14,15,16,17,18,19,20,21,22,23,24,25,26,27,28,30,31,32,31,40,41,42,45
RH:1,2,3,4,5,6,7,8,9,10,11,12,13,14,15,16,17,18,19,20
RM:1,2,3,4,5,6,7,8,9,10,11,12,13,14,15,16,17,18,19,20
S:1,2,3,4,5,6,7,8,9,10,11,12,13,14,15,16,17,18,19,20,21,25,26,33,35,36,40,41,42,43,44,45,60,61,62,63,64,65,66,70,71,72,73,74,75,80,81
SA:1,2,3,4,5,6,7,8,9,10,11,12,13,14,15,16,17,18,19,20,31,32,33,34,35,36,37,38,39,40,41,42,43,44,45,46,47,48,61,62,63,63,64,66,67,68,69,70,71,72,73
SE:1,2,3,4,5,6,7,8,9,10,11,12,13,14,15,16,17,18,19,20,21,22,23,24,25,26,27,28
SG:1,2,3,4,5,6,7,8,9,10,11,12,13,14,15,16,17,18,19
SK:1,2,3,4,5,6,7,8,9,10,11,12,13,14,15,16,17,22,23
SL:0,1,2,3,4,5,6,7,8,9
SM:1,2,3,4,5,6,7
SN:1,2,3,4,5,6,7,8,9,10,11,12,13,14,15,16,25,26
SO:14,15,16,17,18,19,20,21,22,23,24,30,31,32,40,41,42,43,44,45,50,51,52,53
SP:1,2,3,4,5,6,7,8,9,10,11
SR:1,2,3,4,5,6,7,8
SS:0,1,2,3,4,5,6,7,8,9,11,12,13,14,15,16,17
ST:1,2,3,4,5,6,7,8,9,10,11,12,13,14,15,16,17,18,19,20,21
SW:1A,1E,1H1P,1V,1W,1X,1Y,2,3,4,5,6,7,8,9,10,11,12,13,14,15,16,17,18,19,20
SY:1,2,3,4,5,6,7,8,9,10,11,12,13,14,15,16,17,18,19,20,21,22,2324,25
TA:1,2,3,4,5,6,7,8,9,10,11,12,13,14,1516,17,18,19,20,21,22,23,24
TD:1,2,3,4,5,6,7,8,9,10,11,12,13,14,15
TF:1,2,3,4,5,6,7,8,9,10,11,12,13
TN:1,2,3,4,5,6,7,8,9,10,11,12,13,14,15,16,17,18,19,20,21,22,23,24,25,26,27,28,29,30,31,33,34,35,36,37,38,39,40
TQ:1,2,3,4,5,6,7,8,9,10,12,13,14
TR:1,2,3,4,5,6,7,8,9,10,11,12,13,14,15,16,17,18,19,20,21,22,23,24,25,26,27
TS:1,2,3,4,5,6,7,8,9,10,11,12,13,14,15,16,17,18,19,20,21,22,23,24,25,26,27,28,29
TW:1,2,3,4,5,6,7,8,9,10,11,12,13,14,15,16,17,18,19,20
UB:1,2,3,4,5,6,7,8,9,10,11
W:1B,1C,1D,1EF,1G,1H,1J,1K,1S,1T,1W,2,3,4,5,6,7,8,9,10,11,12,13,14
WA:1,2,3,4,5,6,7,8,9,10,11,12,13,14,15,16
WC:1A,1B,1E,1H,1N,1R,1V,1X,2A,2B,2E,2H,2N,2R
WD:3,4,5,6,7,8,17,18,19,23,24,25
WF:1,2,3,4,5,6,7,8,9,10,11,12,13,14,15,16,17
WN:1,2,3,4,5,6,7,8
WR:1,2,3,4,5,6,7,8,9,10,11,12,13,14,15
WS:1,2,3,4,5,6,7,8,9,10,11,12,13,14,15
WV:1,2,3,4,5,6,7,8,9,10,11,12,13,14,15,16
YO:1,7,8,10,11,12,13,14,15,16,17,18,19,21,22,23,24,25,26,30,31,32,41,42,43,60,62
